2.562500079765225	0.040403138504775685	2.9529465103058117	6.317980347658435
2.562500079765225	0.040876777288688985	2.952409867836847	6.318059458397733
2.562500079765225	0.04136109135499911	2.952136056739625	6.317809153153201
2.562500079765225	0.04185620903621115	2.951428989109579	6.318049941775914
2.562500079765225	0.04236227347874042	2.9508179020914063	6.318171406509784
2.562500079765225	0.042879379779304415	2.950344341750533	6.318058110493857
2.562500079765225	0.043407621775943664	2.9499750655738373	6.317813496836136
2.562500079765225	0.04394714391149569	2.949178696924806	6.318047827811785
2.562500079765225	0.04449808499076488	2.9485661428648617	6.3180484017952985
2.562500079765225	0.045060550020406376	2.9479014098006546	6.31804995559917
2.562500079765225	0.04563465218371898	2.947338812244511	6.317919703673282
2.562500079765225	0.04622052526489425	2.9465216424189418	6.318044813402245
2.562500079765225	0.04681829927257434	2.945859866160603	6.317968750032495
2.562500079765225	0.0474280973942581	2.945024729278256	6.318042395941511
2.562500079765225	0.04805004673146337	2.944319929539404	6.317944795460076
2.562500079765225	0.048684279580126014	2.943406995423405	6.318038432429846
2.562500079765225	0.04933092883980294	2.94263470656821	6.317945720688748
2.562500079765225	0.04999012857837436	2.94165984922992	6.318034432972098
2.562500079765225	0.050662015075519234	2.940822517485761	6.317938621470987
2.562500079765225	0.05134672734232668	2.9397759354448905	6.318029891129041
2.562500079765225	0.05204440635141828	2.938867860050339	6.3179331062156034
2.562500079765225	0.052755195651866496	2.937747032432165	6.318024912012718
2.562500079765225	0.053479241086800716	2.936764376335167	6.317926658931643
2.562500079765225	0.05421669136827251	2.935564644683956	6.318019435157735
2.562500079765225	0.05496769765882444	2.934502877065345	6.3179198233519465
2.562500079765225	0.055732414160886846	2.9332198126332107	6.318013437786899
2.562500079765225	0.05651099771490369	2.9320742800555464	6.317912451815797
2.562500079765225	0.05730360838636885	2.9307031290461163	6.318006887187997
2.562500079765225	0.0581104090486019	2.9294689166215306	6.317904534436462
2.562500079765225	0.05893156597045517	2.9280047003905856	6.317999750530139
2.562500079765225	0.059767248392425025	2.9266766456497857	6.317896033958224
2.562500079765225	0.060617629114016774	2.925114123173433	6.3179919928365305
2.562500079765225	0.06148288406322098	2.9236867951985284	6.3178869153135455
2.562500079765225	0.062363192883027246	2.9220204541673773	6.317983577155325
2.562500079765225	0.06325873849645122	2.9204881413834984	6.317877140625685
2.562500079765225	0.064169707691748	2.9187121821483464	6.317974464350334
2.562500079765225	0.06509629068461721	2.917068877096698	6.31786666977668
2.562500079765225	0.06603868170159305	2.9151771983704466	6.3179646129414975
2.562500079765225	0.06699707854130624	2.913416583168513	6.31785546014479
2.562500079765225	0.06797168315551458	2.911402766920597	6.317953978928879
2.562500079765225	0.06896270121127315	2.9095181982756713	6.317843466442066
2.562500079765225	0.06997034266901947	2.907375494719235	6.317942515608348
2.562500079765225	0.07099482134756946	2.9053599889229007	6.317830640527026
2.562500079765225	0.07203635549861478	2.9030813013865377	6.31793017337664
2.562500079765225	0.07309516737650312	2.9009275192512285	6.317816931206723
2.562500079765225	0.07417148380843866	2.8985053890856176	6.317916899524581
2.562500079765225	0.0752655357710614	2.8962056209255835	6.317802284025553
2.562500079765225	0.07637755895556626	2.8936322125019145	6.317902638016999
2.562500079765225	0.07750779335315984	2.8911783632374513	6.3177866410398575
2.562500079765225	0.07865648381422935	2.8884454491331595	6.317887329257764
2.562500079765225	0.07982387964483174	2.8858290236164748	6.317769940577118
2.562500079765225	0.08101023515895162	2.8829279700895234	6.317870909838368
2.562500079765225	0.08221580928826788	2.8801400587623207	6.317752116978429
2.562500079765225	0.08344086612643956	2.8770618116309192	6.317853312268492
2.562500079765225	0.08468567455450153	2.874093076639009	6.317733100322797
2.562500079765225	0.08595050877600889	2.8708281476990933	6.3178344646869595
2.562500079765225	0.08723564796053736	2.867668809605884	6.317712816131644
2.562500079765225	0.08854137676839995	2.8642072637361613	6.317814290551507
2.562500079765225	0.08986798501487102	2.8608470889950817	6.3176911850518085
2.562500079765225	0.09121576818306314	2.857178532118478	6.317792708305723
2.562500079765225	0.09258502711165853	2.8536068214843118	6.317668122515057
2.562500079765225	0.09397606849439746	2.849720389575444	6.317769631021369
2.562500079765225	0.09538920459428851	2.845925967656079	6.317643538372025
2.562500079765225	0.09682475372801343	2.8418103170067397	6.3177449660140965
2.562500079765225	0.09828304000979904	2.8377815231800945	6.3176173364982
2.562500079765225	0.09976439381888486	2.8334248221588423	6.317718614430336
2.562500079765225	0.1012691515764782	2.8291495031045564	6.3175894143694125
2.562500079765225	0.10279765619425829	2.824539425672124	6.317690470802735
2.562500079765225	0.10435025688810351	2.8200049297939898	6.317559662603915
2.562500079765225	0.10592730960541934	2.8151286510634397	6.317660422571213
2.562500079765225	0.1075291768796237	2.8103218251064743	6.317527964467961
2.562500079765225	0.1091562282338838	2.805166019265592	6.317628349566314
2.562500079765225	0.11080884008067629	2.800073207460834	6.317494195341305
2.562500079765225	0.11248739609929786	2.7946240484041116	6.317594123451098
2.562500079765225	0.11419228718518272	2.7892310945046543	6.3174582221388045
2.562500079765225	0.11592391179831256	2.7834742595530937	6.317557607117406
2.562500079765225	0.11768267596737864	2.7777665121561728	6.31741990268378
2.562500079765225	0.11946899360595592	2.7716871892747976	6.317518654031867
2.562500079765225	0.1212832865770429	2.765649510856713	6.317379085028367
2.562500079765225	0.12312598497358096	2.759232409811791	6.317477107526532
2.562500079765225	0.12499752724939638	2.752849189934648	6.317335606715487
2.562500079765225	0.1268983604603364	2.7460785578647005	6.317432800028442
2.562500079765225	0.12882894046817767	2.739333731045939	6.317289293976527
2.562500079765225	0.13078973213831357	2.732193372952262	6.317385552221797
2.562500079765225	0.1327812096237865	2.7250704417191436	6.317239960858102
2.562500079765225	0.13480385651509286	2.7175437464120153	6.317335172135698
2.562500079765225	0.13685816621214722	2.71002581009296	6.317187408270457
2.562500079765225	0.13894464202137108	2.702095782158385	6.317281454149616
2.562500079765225	0.1410637976241109	2.6941655719905206	6.317131422949235
2.562500079765225	0.14321615711573815	2.6858148703682407	6.317224177907788
2.562500079765225	0.14540225557982628	2.67745479152483	6.317071776321391
2.562500079765225	0.14762263906351253	2.6686657753105445	6.31716310713273
2.562500079765225	0.14987786526759606	2.659857956471949	6.317008223264768
2.562500079765225	0.15216850345189176	2.6506127385740186	6.3170979883268705
2.562500079765225	0.1544951352523505	2.641339089680372	6.316940500749792
2.562500079765225	0.1568583545095678	2.6316195989724376	6.317028549349914
2.562500079765225	0.15925876822505539	2.6218618778038834	6.3168683263501215
2.562500079765225	0.16169699630544868	2.611649930418331	6.316954497858096
2.562500079765225	0.16417367267118546	2.6013898186478572	6.316791396607551
2.562500079765225	0.1666894449082805	2.590667199049377	6.316875519589758
2.562500079765225	0.16924497554389956	2.5798863884024055	6.316709385234722
2.562500079765225	0.17184094159683536	2.568634940864038	6.316791276479591
2.562500079765225	0.17447803603581402	2.5573152299960085	6.316621941136867
2.562500079765225	0.17715696721900412	2.5455169610703443	6.316701404581888
2.562500079765225	0.17987846055237078	2.5336403637366125	6.316528686231709
2.562500079765225	0.1826432578076761	2.521277556269975	6.316605511780425
2.562500079765225	0.18545211899981354	2.508826421309242	6.316429213043761
2.562500079765225	0.18830582157180534	2.4958817604845565	6.316503175259816
2.562500079765225	0.19120516251182196	2.482838904065628	6.31632308204628
2.562500079765225	0.1941509573926441	2.4692956158780848	6.316393938709857
2.562500079765225	0.1971440427510118	2.4556444663675085	6.316209818720591
2.562500079765225	0.2001852749678879	2.4414864688336193	6.3162773092307205
2.562500079765225	0.20327553293490683	2.427211224526575	6.316088910298615
2.562500079765225	0.20641571676054346	2.4124232917996182	6.31615275390251
2.562500079765225	0.20960675075075977	2.3975090916158934	6.3159598021497
2.562500079765225	0.21284958192483955	2.38207703102667	6.3160196959778885
2.562500079765225	0.21614518333988314	2.3665101381055984	6.315821893767903
2.562500079765225	0.21949455239860305	2.3504209799650213	6.315877510650938
2.562500079765225	0.2228987145501138	2.3341889778958174	6.315674534309735
2.562500079765225	0.22635872137038518	2.31743117768318	6.315725520349029
2.562500079765225	0.22987565467484214	2.3005231788787976	6.315517017625717
2.562500079765225	0.23345062435042785	2.2830868311952335	6.31556298948729
2.562500079765225	0.23708477291889193	2.265493696657233	6.315348576721285
2.562500079765225	0.24077927309751193	2.2473707600471418	6.315389118616868
2.562500079765225	0.24453533285563767	2.2290853294757746	6.315168377573776
2.562500079765225	0.24835419267903922	2.210269860909447	6.315203037888737
2.562500079765225	0.2522371311663249	2.191287191787244	6.31497551222185
2.562500079765225	0.2561854619696082	2.1717755892562853	6.315003799743881
2.562500079765225	0.2602005399818615	2.152093203176039	6.314768991032264
2.562500079765225	0.2642837579241025	2.131884454481088	6.314790370728131
2.562500079765225	0.26843655317962645	2.1115025886024466	6.314547734035361
2.562500079765225	0.272660403995182	2.0905985240128464	6.314561622315675
2.562500079765225	0.2769568370233808	2.069520385119093	6.3143105612052635
2.562500079765225	0.281327423102338	2.0479259311608438	6.314316320608591
2.562500079765225	0.28577378557344096	2.0261579493539683	6.314056181543243
2.562500079765225	0.2902975956006328	2.00388138054109	6.314053114761132
2.562500079765225	0.29490058133718516	1.9814334591652996	6.3137831808022264
2.562500079765225	0.2995845227421745	1.958486644038201	6.313770523955503
2.562500079765225	0.30435126167699683	1.9353724019680032	6.313490007667401
2.562500079765225	0.3092026961725825	1.9117710393496914	6.313466922731041
2.562500079765225	0.31414079154418023	1.8880080413287517	6.313174958181013
2.562500079765225	0.31916757405842655	1.8637718822671243	6.313140524440108
2.562500079765225	0.3242851431634738	1.8393818525506018	6.31283615816873
2.562500079765225	0.3294956645001195	1.8145349029956415	6.3127893625710705
2.562500079765225	0.3348013833537293	1.7895439171456635	6.312471543389977
2.562500079765225	0.34020461694817067	1.7641146160295382	6.312411269641199
2.562500079765225	0.3457077692362612	1.738553265357183	6.3120788370941625
2.562500079765225	0.35131332240915936	1.7125746324198343	6.312003853319125
2.562500079765225	0.357023853153326	1.6864781552754309	6.311655524618681
2.562500079765225	0.3628420233012093	1.6599879027273008	6.311564469387049
2.562500079765225	0.3687705976950237	1.6333962766333985	6.311198824611858
2.562500079765225	0.3748124338969111	1.6064368785904726	6.311090191096796
2.562500079765225	0.38097050181329667	1.5793948671095575	6.310705656403892
2.562500079765225	0.3872478723740787	1.5520135806951076	6.310577774409517
2.562500079765225	0.39364773908599165	1.5245707289480912	6.310172602980297
2.562500079765225	0.4001734055806131	1.4968195610520836	6.31002361853581
2.562500079765225	0.4068283092811265	1.4690301339758551	6.309595868935041
2.562500079765225	0.41361600770783685	1.4409657479180769	6.309423721110821
2.562500079765225	0.42054020446004614	1.4128886056913166	6.308971232692698
2.562500079765225	0.42760473415510775	1.3845721624682725	6.30877362724549
2.562500079765225	0.4348135909458584	1.3562705680641618	6.308293992190455
2.562500079765225	0.44217091195473235	1.3277674974906533	6.308068371591214
2.562500079765225	0.4496810085673715	1.2993088520493485	6.307558903100792
2.562500079765225	0.45734834820662346	1.2706885499483809	6.3073024124387125
2.562500079765225	0.46517758866458275	1.2421440526142893	6.306760108553413
2.562500079765225	0.4731735580420084	1.2134795012741286	6.306469556743947
2.562500079765225	0.4813412924040999	1.1849237313210377	6.305891059180901
2.562500079765225	0.489686013688502	1.1562910417306584	6.305562874833692
2.562500079765225	0.49821317099451595	1.1278014622030907	6.304944422166859
2.562500079765225	0.5069284162368257	1.0992793380948036	6.3045746033922825
2.562500079765225	0.5158376494034392	1.0709357218207691	6.303911977819434
2.562500079765225	0.5249469917018881	1.0426048472813094	6.3034960351713805
2.562500079765225	0.5342628351477664	1.0144886279446699	6.302784502030278
2.562500079765225	0.5437918129145941	0.9864309822832689	6.302317393698793
2.562500079765225	0.5535408536420567	0.9586245352586559	6.301551632812368
2.562500079765225	0.5635171486590316	0.930922640912576	6.30102769109722
2.562500079765225	0.5737282114280869	0.9035085007257204	6.300201718947912
2.562500079765225	0.5841818412622363	0.8762446121982389	6.299614566966306
2.562500079765225	0.5948861883493659	0.8493046357324372	6.298721648628002
2.562500079765225	0.6058497135258257	0.8225598798418232	6.298064106143027
2.562500079765225	0.6170812593505015	0.7961743667068589	6.297096655843025
2.562500079765225	0.6285900054309372	0.7700278467113993	6.29636063305283
2.562500079765225	0.6403855460408757	0.7442746304530354	6.2953101022050015
2.562500079765225	0.6524778404156559	0.7188025088292973	6.294486480316663
2.562500079765225	0.6648772974281778	0.6937560348022324	6.293343231874001
2.562500079765225	0.6775947201781387	0.66903061150288	6.292421729316208
2.562500079765225	0.6906413982583782	0.6447610191646447	6.291174897352428
2.562500079765225	0.7040290458553786	0.6208498239712287	6.2901439205742244
2.562500079765225	0.7177699021495537	0.5974220529778799	6.288781254140318
2.562500079765225	0.7318766620206983	0.574386971988734	6.2876277321242
2.562500079765225	0.7463625851307603	0.5518599126793048	6.286135422661477
2.562500079765225	0.7612414181861616	0.5297563699263336	6.284844624572808
2.562500079765225	0.7765275132488337	0.5081820794646257	6.283207116529028
2.562500079765225	0.7922357403466459	0.48705829502926606	6.281762452362295
2.562500079765225	0.8083816155472242	0.46648130052571857	6.279962237182077
2.562500079765225	0.8249812025280072	0.44637764622505616	6.278345041881582
2.562500079765225	0.8420512509274902	0.426834355494639	6.276362436263111
2.562500079765225	0.8596090852888443	0.4077828281478411	6.274551738624732
2.562500079765225	0.877672754175559	0.3893010672963047	6.272364648882981
2.562500079765225	0.8962609046900414	0.37132489769493	6.2703369276179535
2.562500079765225	0.9153929428074487	0.35392359241430155	6.267920603198521
2.562500079765225	0.9350888914485294	0.33703700537258735	6.265649533881109
2.562500079765225	0.9553695624508738	0.3207260196502902	6.262976314545996
2.562500079765225	0.9762563959518098	0.3049341569065244	6.260432512785598
2.562500079765225	0.9977716443868399	0.2897142988367212	6.257471575737962
2.562500079765225	1.0199381907255884	0.2750133121645548	6.254622343796244
2.562500079765225	1.0427797448720282	0.2608765117717316	6.251339458997208
2.562500079765225	1.0663206381103045	0.2472538285455507	6.248148545168177
2.562500079765225	1.090586032292426	0.2341834871229285	6.244505849257614
2.562500079765225	1.1156016877114499	0.221618244928826	6.240933231555119
2.562500079765225	1.141394185514092	0.20958974955345713	6.236889033011453
2.562500079765225	1.1679906661500923	0.1980533904728084	6.23289074093714
2.562500079765225	1.1954190655557624	0.18703478134051688	6.228399371245432
2.562500079765225	1.2237078213568255	0.17649179054032696	6.223927361469429
2.562500079765225	1.2528861235501552	0.16644456287588333	6.218939088927067
2.562500079765225	1.282983585789989	0.15685333044934371	6.213941192407933
2.562500079765225	1.3140305115622242	0.14773334733810906	6.20840221657937
2.562500079765225	1.346057528185152	0.13904712730928204	6.202822175783611
2.562500079765225	1.3790958698308469	0.1308056152295293	6.196674721343727
2.562500079765225	1.4131769723397505	0.12297355162826752	6.190452336651338
2.562500079765225	1.448332774894185	0.11555814708833988	6.183634865321756
2.562500079765225	1.4845952743893136	0.1085263343447358	6.176706269367294
2.562500079765225	1.5219968480882902	0.10188214814531907	6.169153827872727
2.562500079765225	1.5605697671045684	0.09559469200680897	6.161451905572925
2.562500079765225	1.6003465429340262	0.08966535746741151	6.153096626215943
2.562500079765225	1.6413594005634637	0.08406540335996644	6.14455159685088
2.562500079765225	1.6836406523325995	0.07879407645916874	6.135323365799196
2.562500079765225	1.7272221322531274	0.07382477471413314	6.125863542193246
2.562500079765225	1.7721356011383496	0.06915505743733881	6.115690849408703
2.562500079765225	1.818412144845885	0.06476043895139344	6.105243588525011
2.562500079765225	1.8660826149510652	0.060637202004297286	6.094054572960766
2.562500079765225	1.9151769947572221	0.056762943403213244	6.08254743251833
2.562500079765225	1.9657248799060472	0.05313303047670576	6.070271137092925
2.562500079765225	2.0177548170768604	0.0497270942957365	6.057633254234774
2.562500079765225	2.0712948287569555	0.04653989679033612	6.044201106995938
2.562500079765225	2.1263717305298533	0.04355303905967018	6.030364817045134
2.562500079765225	2.1830117037235275	0.040760937066518135	6.015712356934529
2.562500079765225	2.241239598037773	0.03814708146349392	6.000615071457731
2.562500079765225	2.301079554924824	0.03570575332763809	5.984683937279358
2.562500079765225	2.3625543030152634	0.03342223722594049	5.968270298606455
2.562500079765225	2.425685833866723	0.03129084572236624	5.9510104952964795
2.562500079765225	2.4904946982157443	0.029298548620363987	5.933234816010371
2.562500079765225	2.557000734180857	0.027439816304776345	5.914607259482436
2.562500079765225	2.6252223727949295	0.025703184972176017	5.895436236409121
2.562500079765225	2.695177416907504	0.0240833744241025	5.875415553330232
2.562500079765225	2.766882364724589	0.02257036154333151	5.854831212719707
2.562500079765225	2.8403532355638643	0.02115917795050316	5.833408731502024
2.562500079765225	2.9156049202034815	0.019841112071654073	5.811411513154741
2.562500079765225	2.9926520473403726	0.018611546002966876	5.788598325994181
2.562500079765225	3.071508369343807	0.017462950428255714	5.765210149244545
2.562500079765225	3.1521876607827064	0.016391077905589465	5.741040053922961
2.562500079765225	3.2347031475707344	0.015389454906343032	5.716307131372365
2.562500079765225	3.319068426294164	0.014454210274378883	5.690839181540478
2.562500079765225	3.4052969435735685	0.013579805097545595	5.664834265459512
2.562500079765225	3.4934029221864753	0.01276273998762614	5.638154579818915
2.562500079765225	3.5834008956091647	0.011998296708271109	5.610978254501957
2.562500079765225	3.675306624177442	0.011283335864609681	5.583200674461611
2.562500079765225	3.7691366871126903	0.010613854536513527	5.554981263860793
2.562500079765225	3.8649093693652863	0.009987056650474883	5.526246426410236
2.562500079765225	3.9626443099839084	0.009399558606354493	5.497138092546056
2.562500079765225	4.062363338117426	0.008848887772165167	5.467610523854628
2.562500079765225	4.164090172550802	0.008332193491580776	5.437789211923158
2.562500079765225	4.267851184024393	0.007847304598381448	5.407652171184886
2.562500079765225	4.373675136573089	0.007391826424803574	5.377309233036789
2.562500079765225	4.481593853430696	0.006963865854475467	5.346757262193539
2.562500079765225	4.591641987189484	0.006561416114022324	5.3160908711988855
2.562500079765225	4.703857568774465	0.006182837626508716	5.28532033573223
2.562500079765225	4.818281791339847	0.005826451480965304	5.254525181479598
2.562500079765225	4.934959426788673	0.0054908462346789115	5.223723493814502
2.562500079765225	5.053938608755538	0.005174617976308198	5.192979669130557
2.562500079765225	5.175271109314811	0.004876557318905833	5.162314303610209
2.562500079765225	5.299012110115574	0.0045954888243085554	5.131776681182425
2.562500079765225	5.425220343057248	0.004330378798261424	5.101385409932912
2.562500079765225	5.553957845676446	0.004080239447425292	5.071175025907144
2.562500079765225	5.6852899824861245	0.0038441867632635776	5.041158892907982
2.562500079765225	5.819285189960035	0.003621385098176546	5.011357775487692
2.562500079765225	5.956014907605718	0.003411075358451345	4.981778061857927
2.562500079765225	6.095553327002353	0.0032125437519836667	4.952428476481971
2.562500079765225	6.237977270372734	0.003025133556734366	4.923308255299413
2.562500079765225	6.383365964032962	0.0028482277573670524	4.894416514167515
2.562500079765225	6.53180090428698	0.0026812525746649756	4.865746456235474
2.562500079765225	6.683365675759266	0.0025236678367271314	4.837290451483743
2.562500079765225	6.838145838516208	0.002374966941767441	4.80903759236558
2.562500079765225	6.99622880544078	0.002234671459743291	4.780976384026984
2.562500079765225	7.157703771996645	0.0021023299262415726	4.753093944170773
2.562500079765225	7.322661656157175	0.001977514743457357	4.7253773926480225
2.562500079765225	7.491195077213703	0.0018598208489704	4.697813714906615
2.562500079765225	7.663398350884553	0.0017488638581105967	4.670390440054122
2.562500079765225	7.839367510987383	0.001644278936522266	4.643095679333493
2.562500079765225	8.019200345240815	0.001545719596567039	4.615918410870703
2.562500079765225	8.202996446897153	0.001452856791739461	4.588848503567086
2.562500079765225	8.390857275216703	0.001365378041177777	4.561876791000473
2.562500079765225	8.582886223655228	0.0012829866749322	4.5349950433520965
2.562500079765225	8.779188692012141	0.0012054011147442593	4.508195940812034
2.562500079765225	8.979872161245204	0.0011323542056251622	4.481473012235569
2.562500079765225	9.185046269215235	0.0010635925726585134	4.454820572422278
2.562500079765225	9.394822886680949	0.0009988760039131394	4.428233652484355
2.562500079765225	9.609316192969096	0.0009379768528708373	4.401707933479996
2.562500079765225	9.82864275118024	0.0008806794602965839	4.375239683213717
2.562500079765225	10.052921582911171	0.0008267795945104718	4.348825698679434
2.562500079765225	10.282274242624238	0.0007760839103800606	4.322463254027993
2.562500079765225	10.516824891839466	0.0007284094271835496	4.296150054125676
2.562500079765225	10.756700373354345	0.0006835830256049309	4.269884193190293
2.562500079765225	11.002030285695351	0.0006414409639578985	4.243664118004235
2.562500079765225	11.252947057994641	0.0006018284136208902	4.217488595120969
2.562500079765225	11.509586025469781	0.0005645990135143707	4.191356681563394
2.562500079765225	11.772085505667002	0.0005296144433466093	4.165267698535461
2.562500079765225	12.040586875612822	0.0004967440152531566	4.139221207757864
2.562500079765225	12.315234650004383	0.00046586428338958727	4.113216990082301
2.562500079765225	12.596176560556682	0.00043685867098558327	4.087255026090681
2.562500079765225	12.883563636614939	0.00040961711432778664	4.061335478454438
2.562500079765225	13.177550287130844	0.000384035723128707	4.035458675809246
2.562500079765225	13.478294384095753	0.0003600164567048743	4.009625098028976
2.562500079765225	13.785957347517664	0.00033746681540737283	3.983835362687935
2.562500079765225	14.100704232018188	0.00031629954673652593	3.9580902125591906
2.562500079765225	14.422703815131207	0.0002964323655462173	3.9323905042098306
2.562500079765225	14.752128687385223	0.0002777876878096777	3.9067371974411187
2.562500079765225	15.089155344226915	0.00026029237740965596	3.8811313453881477
2.562500079765225	15.433964279860136	0.00024387750536450137	3.8555740855562153
2.562500079765225	15.786740083071201	0.00022847812102461668	3.8300666313439398
2.562500079765225	16.14767153510082	0.00021403303468761048	3.8046102642900257
2.562500079765225	16.51695170963182	0.00020048461116235603	3.779206326815223
2.562500079765225	16.89477807495435	0.00018777857378903751	3.753856215517812
2.562500079765225	17.281352598372795	0.00017586381845787825	3.728561374928116
2.562500079765225	17.676881852917283	0.00016469223717357307	3.703323291724329
2.562500079765225	18.08157712642283	0.00015421855073433625	3.678143489359074
2.562500079765225	18.495654533038653	0.0001444001501067298	3.653023523076489
2.562500079765225	18.91933512723056	0.00013519694609287293	3.627964975302914
2.562500079765225	19.352845020340176	0.00012657122690304964	3.602969451379829
2.562500079765225	19.796415499763818	0.000118487523259892	3.5780385756277653
2.562500079765225	20.250283150815953	0.00011091248067559703	3.553173987722736
2.562500079765225	20.714689981340868	0.00010381473855794625	3.5283773393646
2.562500079765225	21.18988354913891	0.0000971648158133868	3.503650291238712
2.562500079765225	21.67611709227245	0.00009093500263133861	3.478994510235368
2.562500079765225	22.173649662318837	0.00008509925814384158	3.4544116669437517
2.562500079765225	22.68274626063838	0.00007963311367042466	3.4299034333883873
2.562500079765225	23.2036779777253	0.00007451358126844596	3.4054714810103976
2.562500079765225	23.736722135711897	0.00006971906732190407	3.3811174788851326
2.562500079765225	24.282162434096264	0.00006522929091331467	3.3568430921687744
2.562500079765225	24.840289098765812	0.00006102520673451547	3.332649980766761
2.562500079765225	25.411399034388793	0.000057088932302951995	3.3085397982227636
2.562500079765225	25.995795980248715	0.00005340367926080024	3.2845141908207216
2.562500079765225	26.593790669595506	0.00004995368854424237	3.2605747968979846
2.562500079765225	27.20570099259146	0.00004672416921989974	3.2367232463727236
2.562500079765225	27.831852162936524	0.00004370124079418827	3.21296116051746
2.562500079765225	28.472576888236617	0.00004087187881604356	3.189290151809
2.562500079765225	29.128215544199495	0.00003822386358867961	3.16571182415918
2.562500079765225	29.7991163527545	0.000035745731831590145	3.1422277732425923
2.562500079765225	30.48563556416399	0.00003342673112920769	3.118839587079735
2.562500079765225	31.188137643218017	0.000031256777016528844	3.0955488468209196
2.562500079765225	31.906995459595034	0.000029226412557381782	3.0723571277532007
2.562500079765225	32.64259048247787	0.000027326770278733608	3.0492660005316807
2.562500079765225	33.3953129795126	0.000025549536331203755	3.0262770326397104
2.562500079765225	34.165562220201636	0.00002388691675242832	3.0033917900873615
2.562500079765225	34.95374668382199	0.00002233160571624184	2.9806118393563876
2.562500079765225	35.76028427196227	0.000020876755656724627	2.9579387495946676
2.562500079765225	36.585602525772224	0.00001951594916159025	2.9353740950843905
2.562500079765225	37.43013884802264	0.00001824317253530027	2.912919457980757
2.562500079765225	38.29434073007111	0.000017052790937119614	2.8905764313460436
2.562500079765225	39.178665983834996	0.00001593952500455173	2.8683466224887435
2.562500079765225	40.083582978871	0.00001489842887724246	2.846231656626555
2.562500079765225	41.009570884675306	0.000013924869540679871	2.8242331809244736
2.562500079765225	41.95711991827798	0.000013014507415351206	2.8023528687589745
2.562500079765225	42.926731597222904	0.000012163278116733526	2.780592424476736
2.562500079765225	43.918918998137265	0.00001136737531801088	2.758953588737964
2.562500079765225	44.93420702093719	0.000010623234656182507	2.737438143905385
2.562500079765225	45.97313265872923	9.927518614649784e-6	2.7160479201630854
2.562500079765225	47.036245273589714	9.277102328116513e-6	2.6947848020558425
2.562500079765225	48.124106878314066	8.669060254808865e-6	2.6736507355623687
2.562500079765225	49.237292424251834	8.100653664882693e-6	2.6526477357300076
2.562500079765225	50.37639009534836	7.5693188966394815e-6	2.631777894916009
2.562500079765225	51.542001608510674	7.072656334994631e-6	2.6110433916689932
2.562500079765225	52.73474252042142	6.6084200691100744e-6	2.5904465003041537
2.562500079765225	53.955242540927706	6.174508188593618e-6	2.5699896012249135
2.562500079765225	55.204145853133596	5.768953680084592e-6	2.549675192026438
2.562500079765225	56.48211144032456	5.3899158880380266e-6	2.5295058994583846
2.562500079765225	57.78981341986497	5.035672505770141e-6	2.5094844922962127
2.562500079765225	59.12794138420346	4.704612064731897e-6	2.489613895184328
2.562500079765225	60.497200749135544	4.395226891783379e-6	2.4698972035328026
2.562500079765225	61.898313109469434	4.1061065061365655e-6	2.4503376995194843
2.562500079765225	63.332016602252715	3.8359314291093185e-6	2.43093886930088
2.562500079765225	64.79906627772388	3.5834673815809822e-6	2.4117044214944476
2.562500079765225	66.30023447815901	3.3475598454048985e-6	2.3926383070294284
2.562500079765225	67.83631122479498	3.1271289664722187e-6	2.373744740459771
2.562500079765225	69.40810461302065	2.92116477847202e-6	2.355028222825439
2.562500079765225	71.01644121603947	2.7287227275654125e-6	2.336493566179734
2.562500079765225	72.66216649722305	2.5489194794590846e-6	2.3181459198717764
2.562500079765225	74.34614523137745	2.3809289914312615e-6	2.2999907986884223
2.562500079765225	76.0692619352235	2.2239788327028405e-6	2.282034113068212
2.562500079765225	77.83242130731358	2.0773467382856216e-6	2.264282201242874
2.562500079765225	79.63654867767293	1.940357381073772e-6	2.2467418637751826
2.562500079765225	81.48259046756985	1.8123793491362052e-6	2.2294204003482645
2.562500079765225	83.37151465971985	1.6928223151907138e-6	2.2123256490333625
2.562500079765225	85.30431127934152	1.5811343862892749e-6	2.1954660281371186
2.562500079765225	87.28199288650406	1.4767996224427046e-6	2.178850580739537
2.562500079765225	89.30559508025394	1.3793357135969682e-6	2.162489022030023
2.562500079765225	91.37617701507861	1.2882918049875546e-6	2.146391789568427
2.562500079765225	93.49482192643605	1.2032464662728685e-6	2.1305700923734885
2.562500079765225	95.66263767381604	1.1238057754788091e-6	2.1150359761046804
2.562500079765225	97.88075507021233	1.0496037800753434e-6	2.09980013498088